# This speaker has a pretty bad frequency response, so to compensate I only reduced the max peak gain by half or otherwise it becomes basically mute
# I also don't recommend opening this file in the Equalizer APO GUI since it will round up all gains
# Data gathered from: https://www.rtings.com/speaker/0-8/graph#6977/4553

# GraphicEQ: 20 20.091; 20.291 20.643; 20.586 21.305; 20.885 21.965; 21.189 22.468; 21.497 22.681; 21.81 22.654; 22.127 22.551; 22.449 22.447; 22.776 22.481; 23.107 22.57; 23.443 22.655; 23.784 22.651; 24.13 22.539; 24.481 22.372; 24.837 22.281; 25.198 22.385; 25.565 22.762; 25.937 23.338; 26.314 23.898; 26.697 24.165; 27.085 23.737; 27.085 23.737; 27.479 22.518; 27.879 20.692; 28.284 18.838; 28.696 17.429; 29.113 16.859; 29.537 17.264; 29.966 18.633; 30.402 20.733; 30.844 23.061; 31.293 24.944; 31.748 25.873; 32.21 25.638; 32.678 24.31; 33.154 22.221; 33.636 19.923; 34.125 18.125; 34.621 17.372; 35.125 17.87; 35.636 19.541; 36.154 21.884; 36.68 24.173; 37.214 25.76; 37.755 26.488; 38.304 26.717; 38.861 26.885; 39.427 27.252; 40 27.787; 40.582 28.333; 41.172 28.757; 41.771 29.007; 42.379 29.085; 42.995 29.006; 43.62 28.783; 44.255 28.509; 44.898 28.389; 45.552 28.617; 46.214 29.128; 46.886 29.641; 47.568 29.963; 48.26 30.031; 48.962 29.751; 49.674 28.998; 50.397 27.882; 51.13 26.86; 51.874 26.473; 52.628 26.854; 53.394 27.444; 54.17 27.42; 54.958 26.606; 55.758 25.688; 56.569 57.391; 58.226 23.378; 59.073 22.36; 59.932 22.511; 60.804 23.745; 61.688 24.908; 62.586 25.031; 63.496 24.252; 64.42 23.5; 65.357 23.187; 66.307 22.755; 67.272 21.552; 68.25 19.678; 69.243 17.699; 70.25 15.863; 71.272 14.158; 72.309 12.534; 73.36 11.112; 74.427 10.009; 75.51 9.271; 76.608 8.94; 77.723 9.057; 78.853 9.494; 80 10.013; 

# Half peak gain reducition
# Preamp: -17.1 dB

# Full peak gain reduction
# Preamp: -34.2 dB
