# Configurations to imitate the sound profile of various headphones/speakers. Most use AutoEQ's data.
# Why?...well I'm just fucking bored :p

# Turtle Beach Elite Pro 2
# GraphicEQ: 20 8.1; 21 8.1; 22 8.2; 23 8.3; 24 8.4; 26 8.6; 27 8.7; 29 8.9; 30 8.9; 32 9; 34 9.1; 36 9.1; 38 9.1; 40 9.2; 43 9.2; 45 9.2; 48 9.2; 50 9.2; 53 9.2; 56 9.3; 59 9.3; 63 9.4; 66 9.4; 70 9.5; 74 9.5; 78 9.6; 83 9.6; 87 9.7; 92 9.7; 97 9.8; 103 9.8; 109 9.9; 115 9.9; 121 10; 128 10.1; 136 10.3; 143 10.4; 151 10.4; 160 10.4; 169 10.4; 178 10.5; 188 10.4; 199 10.1; 210 9.4; 222 8.8; 235 8.3; 248 7.3; 262 5.8; 277 5; 292 5.1; 309 4.6; 326 3.8; 345 2.4; 364 0.9; 385 0.3; 406 1.1; 429 2.5; 453 3.6; 479 4.9; 506 6.1; 534 7; 565 7.6; 596 7.8; 630 7.5; 665 6.7; 703 5.8; 743 5; 784 4.5; 829 4.2; 875 4.1; 924 4.4; 977 5.1; 1032 5.8; 1090 6.1; 1151 6.3; 1216 6.3; 1284 6.2; 1357 5.9; 1433 5.6; 1514 5.2; 1599 4.8; 1689 4.5; 1784 4.2; 1885 4; 1991 3.9; 2103 3.9; 2221 4; 2347 3.8; 2479 3.7; 2618 4.1; 2766 4.2; 2921 3.9; 3086 3.6; 3260 3.5; 3443 3.8; 3637 4.6; 3842 5.6; 4058 5.9; 4287 4.7; 4528 3.2; 4783 1.7; 5052 0.5; 5337 0.2; 5637 1.2; 5955 3; 6290 3.3; 6644 2.7; 7018 3.5; 7414 4.7; 7831 5.5; 8272 6.3; 8738 7; 9230 7.3; 9749 7.4; 10298 7.6; 10878 7.8; 11490 8; 12137 8.1; 12821 8.2; 13543 8.2; 14305 8.2; 15110 8.2; 15961 8.1; 16860 7.9; 17809 7.7; 18812 7.4; 19871 7.1

# Sennheiser HD 600
# GraphicEQ: 20 0.2; 21 0.2; 22 0.2; 23 0.2; 24 0.2; 26 0.2; 27 0.2; 29 0.4; 30 0.6; 32 1; 34 1.4; 36 1.7; 38 2; 40 2.3; 43 2.8; 45 3; 48 3.3; 50 3.4; 53 3.5; 56 3.6; 59 3.8; 63 4; 66 4.3; 70 4.8; 74 5.1; 78 5.3; 83 5.5; 87 5.7; 92 6; 97 6.3; 103 6.5; 109 6.7; 115 6.9; 121 7.1; 128 7.2; 136 7.3; 143 7.4; 151 7.5; 160 7.6; 169 7.6; 178 7.7; 188 7.7; 199 7.8; 210 7.8; 222 7.8; 235 7.6; 248 7.5; 262 7.3; 277 7.1; 292 6.9; 309 6.7; 326 6.5; 345 6.4; 364 6.2; 385 6.1; 406 5.9; 429 5.8; 453 5.8; 479 5.7; 506 5.6; 534 5.6; 565 5.5; 596 5.5; 630 5.5; 665 5.4; 703 5.4; 743 5.4; 784 5.2; 829 5.1; 875 5.4; 924 5.8; 977 6.1; 1032 6.3; 1090 6.4; 1151 6.5; 1216 6.7; 1284 6.8; 1357 6.7; 1433 6.6; 1514 6.4; 1599 6.2; 1689 6; 1784 6.2; 1885 6.3; 1991 6.1; 2103 5.9; 2221 5.9; 2347 6; 2479 6.5; 2618 7; 2766 7.5; 2921 7.9; 3086 8.2; 3260 8.3; 3443 7.9; 3637 6.9; 3842 5.5; 4058 3.9; 4287 3.2; 4528 4.1; 4783 5.4; 5052 6; 5337 6.4; 5637 7.8; 5955 8.2; 6290 6.9; 6644 5.4; 7018 4.3; 7414 4.4; 7831 4.8; 8272 4.8; 8738 4.5; 9230 4.5; 9749 4.7; 10298 5.1; 10878 5.6; 11490 6.2; 12137 6.9; 12821 7.7; 13543 8.7; 14305 9.7; 15110 10.8; 15961 12.1; 16860 13.4; 17809 14.9; 18812 16.5; 19871 18.2

# Sennheiser HD 800 S
GraphicEQ: 20 0.2; 21 0.3; 22 0.4; 23 0.6; 24 0.8; 26 1.1; 27 1.3; 29 1.6; 30 1.7; 32 1.9; 34 2.1; 36 2.3; 38 2.5; 40 2.7; 43 2.9; 45 3; 48 3.1; 50 3.2; 53 3.5; 56 3.5; 59 3.5; 63 3.4; 66 3.4; 70 3.5; 74 3.9; 78 4.4; 83 4.8; 87 5.1; 92 5.4; 97 5.7; 103 6; 109 6.3; 115 6.6; 121 6.8; 128 7; 136 7.3; 143 7.4; 151 7.6; 160 7.8; 169 7.9; 178 8.1; 188 8.3; 199 8.4; 210 8.5; 222 8.5; 235 8.4; 248 8.4; 262 8.2; 277 8.1; 292 8; 309 7.8; 326 7.6; 345 7.5; 364 7.4; 385 7.3; 406 7.2; 429 7.2; 453 7.1; 479 7; 506 6.9; 534 6.8; 565 6.7; 596 6.6; 630 6.5; 665 6.5; 703 6.4; 743 6.4; 784 6.4; 829 6.4; 875 6.4; 924 6.4; 977 6.3; 1032 6.1; 1090 5.9; 1151 5.6; 1216 5; 1284 4.4; 1357 3.8; 1433 3.5; 1514 3.4; 1599 3.3; 1689 3.3; 1784 3.4; 1885 3.7; 1991 3.8; 2103 3.9; 2221 4.1; 2347 4.3; 2479 4.6; 2618 4.9; 2766 5.1; 2921 4.8; 3086 4; 3260 3.4; 3443 3.6; 3637 4.7; 3842 6.1; 4058 6.6; 4287 6.2; 4528 5.8; 4783 6.4; 5052 8.2; 5337 10.3; 5637 10.2; 5955 9.7; 6290 9.2; 6644 7.4; 7018 6.4; 7414 6.5; 7831 6.6; 8272 6.4; 8738 6.1; 9230 6; 9749 5.9; 10298 6.1; 10878 6.5; 11490 7; 12137 7.7; 12821 8.4; 13543 9.3; 14305 10.3; 15110 11.4; 15961 12.6; 16860 14; 17809 15.4; 18812 17; 19871 18.7

# Sony WH-1000XM4
# GraphicEQ: 20 10.5; 21 10.5; 22 10.6; 23 10.7; 24 10.8; 26 10.9; 27 11; 29 11.1; 30 11.1; 32 11.1; 34 11.1; 36 11.2; 38 11.2; 40 11.3; 43 11.2; 45 11.2; 48 11.3; 50 11.3; 53 11.2; 56 11.2; 59 11.2; 63 11.2; 66 11.3; 70 11.5; 74 11.7; 78 11.9; 83 12.2; 87 12.4; 92 12.6; 97 12.9; 103 13.1; 109 13.3; 115 13.4; 121 13.4; 128 13.3; 136 13; 143 12.7; 151 12.3; 160 12; 169 11.6; 178 11.4; 188 11.1; 199 10.8; 210 10.6; 222 10.2; 235 9.7; 248 9.3; 262 8.9; 277 8.5; 292 8.1; 309 7.6; 326 7.2; 345 6.7; 364 6.2; 385 5.8; 406 5.6; 429 5.6; 453 5.8; 479 6.1; 506 6.6; 534 6.9; 565 7; 596 6.9; 630 6.6; 665 6.3; 703 6.1; 743 5.8; 784 5.5; 829 5.2; 875 4.7; 924 4.2; 977 3.7; 1032 3.4; 1090 3.3; 1151 3.5; 1216 3.9; 1284 4.4; 1357 5; 1433 4.9; 1514 4.2; 1599 3.4; 1689 2.5; 1784 1.5; 1885 0.6; 1991 0.2; 2103 0.2; 2221 0.2; 2347 0.2; 2479 0.2; 2618 0.2; 2766 0.8; 2921 1.4; 3086 1.9; 3260 3; 3443 4.3; 3637 5.5; 3842 6.7; 4058 7.1; 4287 6.6; 4528 6.7; 4783 8.5; 5052 10.1; 5337 10; 5637 8.9; 5955 6.6; 6290 4.7; 6644 3.6; 7018 4.6; 7414 5.5; 7831 5.4; 8272 5; 8738 4.6; 9230 4.4; 9749 4.1; 10298 4.1; 10878 4.4; 11490 4.7; 12137 5.2; 12821 5.8; 13543 6.5; 14305 7.3; 15110 8.2; 15961 9.3; 16860 10.4; 17809 11.6; 18812 12.9; 19871 14.4

# Audio-Technica ATH-M40x
# GraphicEQ: 20 0.2; 21 0.2; 22 0.2; 23 0.2; 24 0.2; 26 0.2; 27 0.2; 29 0.2; 30 0.2; 32 0.2; 34 0.2; 36 0.2; 38 0.2; 40 0.2; 43 0.2; 45 0.2; 48 0.4; 50 0.9; 53 1.7; 56 2.3; 59 2.5; 63 2.4; 66 2.4; 70 2.6; 74 3.2; 78 4; 83 4.7; 87 4.9; 92 4.8; 97 5; 103 5.8; 109 6.6; 115 7.2; 121 7.7; 128 8.1; 136 8.3; 143 8.3; 151 8.3; 160 8.4; 169 8.6; 178 8.9; 188 9; 199 9.1; 210 9; 222 8.9; 235 8.6; 248 8.2; 262 7.7; 277 7.2; 292 6.6; 309 6; 326 5.4; 345 4.7; 364 4.4; 385 4.8; 406 4.9; 429 4.9; 453 4.9; 479 4.8; 506 4.8; 534 4.7; 565 4.7; 596 4.8; 630 4.7; 665 4.7; 703 4.7; 743 4.6; 784 4.6; 829 4.7; 875 4.7; 924 4.7; 977 4.5; 1032 4.6; 1090 5; 1151 5.4; 1216 5.6; 1284 5.8; 1357 5.9; 1433 5.9; 1514 5.7; 1599 5.6; 1689 5.6; 1784 5.4; 1885 5.1; 1991 4.9; 2103 4.8; 2221 4.8; 2347 5; 2479 5.3; 2618 5.5; 2766 5.6; 2921 5.6; 3086 5.7; 3260 5.5; 3443 5.4; 3637 5.3; 3842 5.4; 4058 6.1; 4287 6.9; 4528 6.9; 4783 5.7; 5052 5.1; 5337 5.9; 5637 6; 5955 6; 6290 6.7; 6644 7.5; 7018 7.4; 7414 7.1; 7831 7.2; 8272 7.2; 8738 7.3; 9230 7.7; 9749 7.9; 10298 8; 10878 8.4; 11490 8.8; 12137 9.2; 12821 9.7; 13543 10.2; 14305 10.7; 15110 11.3; 15961 11.9; 16860 12.5; 17809 13.2; 18812 14; 19871 14.7

# Audio-Technica ATH-M50x
# GraphicEQ: 20 0.2; 21 0.2; 22 0.2; 23 0.2; 24 0.2; 26 0.2; 27 0.2; 29 0.4; 30 0.8; 32 1.6; 34 2.2; 36 2.8; 38 3.2; 40 3.6; 43 4; 45 4.1; 48 4.2; 50 4.2; 53 4.2; 56 4.3; 59 4.3; 63 4.5; 66 4.8; 70 4.8; 74 4.3; 78 4.2; 83 4.7; 87 5.1; 92 5.5; 97 5.9; 103 6.3; 109 6.5; 115 6.4; 121 6.5; 128 6.9; 136 7.1; 143 7.3; 151 7.4; 160 7.5; 169 7.5; 178 7.5; 188 7.4; 199 7.1; 210 6.7; 222 6.2; 235 5.4; 248 4.6; 262 3.8; 277 3.3; 292 3; 309 3.3; 326 3.6; 345 3.6; 364 3.8; 385 4.2; 406 4.5; 429 4.8; 453 5; 479 5.3; 506 5.5; 534 5.5; 565 5.6; 596 5.6; 630 5.6; 665 5.5; 703 5.5; 743 5.4; 784 5.4; 829 5.4; 875 5.3; 924 5.3; 977 5.3; 1032 5.4; 1090 5.5; 1151 5.6; 1216 5.6; 1284 5.9; 1357 5.8; 1433 5.6; 1514 5.5; 1599 5.4; 1689 5.6; 1784 5.8; 1885 6.1; 1991 6.4; 2103 6.8; 2221 7.4; 2347 8; 2479 8.4; 2618 8.5; 2766 8.6; 2921 8.7; 3086 8.3; 3260 7.5; 3443 6.5; 3637 5.9; 3842 6.5; 4058 8.5; 4287 10.1; 4528 9.3; 4783 7.5; 5052 5.8; 5337 4.2; 5637 3.1; 5955 3.9; 6290 5.4; 6644 6.9; 7018 7.4; 7414 6.7; 7831 6.5; 8272 6.8; 8738 7.7; 9230 8.7; 9749 9.6; 10298 10.3; 10878 10.8; 11490 11.4; 12137 12; 12821 12.6; 13543 13.2; 14305 13.8; 15110 14.5; 15961 15.1; 16860 15.8; 17809 16.4; 18812 17.1; 19871 17.7

# Audio-Technica ATH-M60x
# GraphicEQ: 20 3.4; 21 3.4; 22 3.5; 23 3.8; 24 4; 26 4.5; 27 4.7; 29 4.8; 30 4.9; 32 5.1; 34 5.4; 36 5.8; 38 6.1; 40 6.4; 43 6.7; 45 6.7; 48 6.6; 50 6.5; 53 6.3; 56 6.4; 59 6.7; 63 7.3; 66 7.7; 70 8.1; 74 8.3; 78 8.5; 83 8.6; 87 8.7; 92 8.8; 97 8.7; 103 8.6; 109 8.7; 115 8.9; 121 9.2; 128 9.4; 136 9.4; 143 9.1; 151 8.6; 160 8.3; 169 8.1; 178 8.1; 188 8.2; 199 8.4; 210 8.6; 222 8.6; 235 8.2; 248 7.7; 262 7.1; 277 6.4; 292 5.6; 309 4.6; 326 3.5; 345 2.4; 364 1.6; 385 0.8; 406 0.3; 429 0.2; 453 0.5; 479 1.5; 506 2.6; 534 3.6; 565 4.5; 596 5.1; 630 5.6; 665 6.1; 703 6.3; 743 6.5; 784 6.6; 829 6.8; 875 7; 924 7.4; 977 7.8; 1032 8.4; 1090 8.8; 1151 9; 1216 9.1; 1284 9.2; 1357 9.1; 1433 8.9; 1514 8.6; 1599 8.7; 1689 8.6; 1784 8.3; 1885 7.9; 1991 7.3; 2103 6.7; 2221 6.3; 2347 5.9; 2479 5.7; 2618 5.6; 2766 5.3; 2921 4.9; 3086 4.2; 3260 3.2; 3443 2.8; 3637 4; 3842 5.5; 4058 6.9; 4287 7.8; 4528 7.3; 4783 6.8; 5052 6.6; 5337 7; 5637 7.8; 5955 8.6; 6290 9; 6644 8.3; 7018 6.6; 7414 5.1; 7831 4.1; 8272 3.5; 8738 3.2; 9230 3.1; 9749 2.9; 10298 2.6; 10878 2.7; 11490 2.8; 12137 3.1; 12821 3.5; 13543 4; 14305 4.6; 15110 5.2; 15961 6; 16860 6.9; 17809 7.9; 18812 9; 19871 10.2

# Audio-Technica ATH-M70x
# GraphicEQ: 20 1.5; 21 1.5; 22 1.6; 23 1.7; 24 1.8; 26 2; 27 2; 29 2; 30 1.8; 32 1.6; 34 1.1; 36 0.7; 38 0.7; 40 1; 43 1.5; 45 1.5; 48 1.2; 50 0.9; 53 0.4; 56 0.2; 59 0.4; 63 0.2; 66 0.3; 70 1; 74 2.2; 78 3.3; 83 4.5; 87 5.4; 92 6.3; 97 7; 103 7.6; 109 7.8; 115 7.7; 121 7.9; 128 8; 136 7.4; 143 7; 151 6.7; 160 6.5; 169 6.6; 178 6.5; 188 6.3; 199 6; 210 5.8; 222 5.9; 235 5.9; 248 5.7; 262 5.4; 277 5; 292 4.5; 309 4.4; 326 4.8; 345 4.8; 364 4.7; 385 4.5; 406 4.4; 429 4.3; 453 4.2; 479 3.9; 506 3.7; 534 3.4; 565 3; 596 2.5; 630 1.3; 665 0.2; 703 0.8; 743 1.1; 784 1.9; 829 2.4; 875 2.6; 924 2.8; 977 3; 1032 3.2; 1090 3.4; 1151 3.6; 1216 3.7; 1284 3.9; 1357 4; 1433 4.1; 1514 4.3; 1599 4.6; 1689 4.7; 1784 4.8; 1885 5.1; 1991 5.5; 2103 5.9; 2221 6; 2347 5.7; 2479 5.3; 2618 4.8; 2766 4.4; 2921 4.5; 3086 5.1; 3260 5.2; 3443 4.7; 3637 4.4; 3842 5; 4058 5.9; 4287 7.3; 4528 8; 4783 7.1; 5052 7; 5337 6.7; 5637 6; 5955 6.2; 6290 5.8; 6644 4.9; 7018 4.6; 7414 5.1; 7831 5.5; 8272 5.4; 8738 5; 9230 4.7; 9749 4.2; 10298 3.8; 10878 3.6; 11490 3.4; 12137 3.2; 12821 3; 13543 2.8; 14305 2.6; 15110 2.5; 15961 2.3; 16860 2.1; 17809 2; 18812 1.8; 19871 1.6

# HIFIMAN Arya
# GraphicEQ: 20 2.3; 21 2.2; 22 2.2; 23 2.2; 24 2.2; 26 2.2; 27 2.2; 29 2.2; 30 2.2; 32 2.3; 34 2.4; 36 2.4; 38 2.4; 40 2.5; 43 2.5; 45 2.5; 48 2.6; 50 2.7; 53 2.8; 56 2.9; 59 3; 63 3.4; 66 3.6; 70 3.7; 74 3.8; 78 3.9; 83 4; 87 4.1; 92 4.3; 97 4.4; 103 4.6; 109 4.9; 115 5.1; 121 5.3; 128 5.5; 136 5.8; 143 5.9; 151 6.1; 160 6.3; 169 6; 178 5.6; 188 5.8; 199 6.3; 210 6.7; 222 7; 235 7.1; 248 6.3; 262 5.8; 277 6.2; 292 6.7; 309 7.1; 326 6.4; 345 5.4; 364 5.6; 385 5.3; 406 5.4; 429 6.1; 453 6.3; 479 6.9; 506 6.7; 534 5.2; 565 4.6; 596 4.9; 630 5; 665 5.4; 703 5.6; 743 4.6; 784 4.2; 829 4.3; 875 4.2; 924 4.5; 977 4.9; 1032 4.6; 1090 3.8; 1151 3; 1216 2.9; 1284 2.7; 1357 2.1; 1433 1.3; 1514 1.1; 1599 1; 1689 0.7; 1784 0.2; 1885 0.5; 1991 1.1; 2103 1.8; 2221 2.7; 2347 3.7; 2479 4.7; 2618 5.7; 2766 6; 2921 6; 3086 5.7; 3260 5; 3443 4.1; 3637 3.6; 3842 4.4; 4058 6.1; 4287 8.3; 4528 8.3; 4783 8.8; 5052 8.3; 5337 6.9; 5637 5.7; 5955 6.5; 6290 7.8; 6644 7.2; 7018 6.4; 7414 6.1; 7831 6; 8272 5.7; 8738 5.3; 9230 5; 9749 4.6; 10298 4.5; 10878 4.7; 11490 4.9; 12137 5.2; 12821 5.5; 13543 6; 14305 6.5; 15110 7; 15961 7.7; 16860 8.4; 17809 9.2; 18812 10; 19871 10.9

# HyperX Cloud Stinger
# GraphicEQ: 20 9.4; 21 9.5; 22 9.6; 23 9.8; 24 10; 26 10.3; 27 10.4; 29 10.6; 30 10.7; 32 10.8; 34 10.8; 36 10.9; 38 10.9; 40 11; 43 11.1; 45 11.2; 48 11.4; 50 11.5; 53 11.6; 56 11.6; 59 11.6; 63 11.6; 66 11.6; 70 11.5; 74 11.4; 78 11.4; 83 11.5; 87 11.5; 92 11.6; 97 11.8; 103 12; 109 12.1; 115 12.2; 121 12.2; 128 12.1; 136 12; 143 11.8; 151 11.6; 160 11.4; 169 11.1; 178 10.8; 188 10.4; 199 10; 210 9.4; 222 8.7; 235 8; 248 7.2; 262 6.4; 277 5.5; 292 4.6; 309 3.5; 326 2.5; 345 1.3; 364 0.4; 385 0.2; 406 0.2; 429 0.2; 453 0.2; 479 0.3; 506 1.1; 534 2.2; 565 3.2; 596 4.1; 630 4.7; 665 5.1; 703 5.4; 743 5.4; 784 5.3; 829 4.9; 875 4.7; 924 4.7; 977 4.7; 1032 4.9; 1090 5.2; 1151 5.6; 1216 5.9; 1284 6.2; 1357 6.6; 1433 7; 1514 7.5; 1599 7.9; 1689 8.1; 1784 8; 1885 8; 1991 8.3; 2103 8.4; 2221 8.5; 2347 8.8; 2479 9.1; 2618 9.2; 2766 9.2; 2921 9.1; 3086 8.8; 3260 7.7; 3443 6.3; 3637 5; 3842 3.6; 4058 2.4; 4287 2.1; 4528 2.3; 4783 2.7; 5052 2.9; 5337 3.8; 5637 6.2; 5955 8; 6290 7.8; 6644 6.4; 7018 5; 7414 5.1; 7831 5.3; 8272 5.2; 8738 5; 9230 4.9; 9749 4.8; 10298 5; 10878 5.4; 11490 5.9; 12137 6.5; 12821 7.2; 13543 8; 14305 8.9; 15110 9.9; 15961 10.9; 16860 12.1; 17809 13.3; 18812 14.6; 19871 16.1

# Logitech z623 (http://noaudiophile.com/DSP_Corrections/Logitech_z623.php)
# Include: .\AutoEQ\Logitech z623 (not AutoEQ)\Logitech_z623_C.txt
